13659630014
13594780478
13594780077
13594780395
13594780510
13594780025
13594780509
13594780420
13594780419
13594780360
13594780218
13594780200
13594780327
13594780447
13594780400
13594780118
13594780490
13594780211
13594780101
13659630022
13594780228
13594780143
13594780162
13594780374
13594780315
13594780416
13594780500
13594780142
13594780339
13594780234
13594780071
13594780203
13659630020
13594780042
13594780308
13594780155
13594780256
13594780192
13594780124
13594780027
13594780123
13594780362
13594780442
13594780253
13594780243
13659630010
13594780443
13594780489
13594780275
13594780314
13594780015
13594780231
13594780501
13594780057
13594780055
13594780321
13594780001
13594780098
13594780086
13594780426
13594780219
13594780333
13594780043
13594780104
13594780402
13594780409
13594780397
13594780061
13594780133
13594780214
13594780372
13594780097
13659630024
13594780187
13594780050
13594780141
13594780047
13594780373
13594780304
13594780290
13594780159
13594780206
13594780497
13594780221
13594780364
13594780238
13594780313
13594780220
13594780035
13659630026
13594780503
13594780350
13594780094
13594780386
13594780251
13594780121
13594780267
13594780069
13594780002
13594780088
13594780146
13594780108
13594780270
13594780165
13594780391
13594780225
13659630028
13594780385
13594780365
13594780232
13594780468
13594780369
13594780132
13594780344
13594780521
13594780059
13594780056
13594780280
13594780422
13594780279
13594780151
13594780166
13594780212
13594780229
13594780188
13594780136
13594780378
13594780030
13594780506
13594780412
13594780160
13594780450
13594780260
13594780074
13594780210
13594780481
13594780514
13594780154
13594780062
13594780161
13594780329
13594780054
13594780113
13594780516
13594780205
13594780359
13594780019
13594780297
13659630005
13594780067
13659630016
13594780078
13594780010
13594780179
13594780382
13594780471
13594780254
13659630032
13594780008
13594780064
13594780068
13594780456
13594780127
13594780337
13659630033
13594780390
13659630011
13594780394
13594780150
13594780046
13594780463
13594780331
13594780004
13594780310
13594780265
13594780230
13594780029
13594780153
13594780237
13659630000
13594780460
13594780354
13594780278
13594780070
13594780461
13659630003
13594780418
13594780240
13594780392
13594780223
13594780494
13594780066
13594780455
13594780410
13594780100
13594780312
13594780169
13594780319
13594780184
13594780504
13594780252
13594780084
13594780326
13594780407
13594780466
13659630023
13594780145
13594780484
13594780357
13594780444
13594780438
13594780105
13594780182
13594780058
13594780291
13594780258
13594780289
13594780096
13594780491
13594780045
13594780157
13594780227
13594780081
13594780024
13594780486
13594780298
13594780241
13659630021
13594780277
13594780099
13594780384
13594780448
13594780177
13594780376
13594780119
13594780335
13594780091
13659630029
13594780082
13659630030
13594780341
13659630025
13594780110
13594780023
13594780048
13659630019
13594780039
13594780195
13594780309
13594780434
13594780370
13594780148
13594780361
13594780262
13594780193
13594780183
13594780130
13594780216
13594780322
13594780261
13594780144
13594780079
13594780293
13594780112
13659630013
13594780464
13594780012
13594780209
13594780306
13594780259
13594780263
13594780406
13594780522
13594780305
13594780294
13594780181
13594780197
13594780299
13594780199
13594780338
13594780479
13594780053
13594780342
13594780284
13594780323
13594780388
13594780424
13594780351
13594780393
13594780451
13594780083
13594780439
13594780288
13594780470
13594780041
13594780017
13594780414
13594780505
13594780303
13594780274
13594780129
13594780371
13594780095
13594780452
13594780116
13594780485
13659630012
13594780106
13594780257
13659630015
13594780090
13594780149
13594780469
13594780114
13594780164
13594780122
13594780126
13594780191
13594780063
13594780433
13594780441
13594780352
13594780156
13659630018
13594780475
13594780324
13594780401
13659630006
13594780016
13594780040
13594780403
13594780242
13594780336
13594780353
13594780051
13594780421
13594780440
13594780507
13594780296
13594780292
13594780198
13594780168
13594780488
13594780245
13594780085
13594780007
13594780180
13594780022
13594780109
13594780020
13594780467
13594780375
13594780408
13594780120
13594780194
13594780172
13594780005
13594780496
13594780052
13659630017
13594780131
13594780060
13594780508
13594780176
13659630004
13594780317
13594780235
13594780276
13594780044
13594780332
13594780454
13594780367
13594780302
13594780377
13594780415
13594780204
13594780111
13594780222
13594780502
13594780269
13659630027
13594780125
13594780018
13594780474
13594780349
13594780272
13594780356
13594780346
13594780075
13594780163
13594780301
13594780492
13594780185
13594780520
13594780196
13594780034
13594780348
13594780033
13594780152
13594780495
13594780340
13594780013
13594780147
13594780036
13594780115
13594780383
13594780117
13594780330
13594780137
13594780282
13594780250
13594780498
13594780453
13594780480
13594780031
13594780345
13594780325
13594780429
13594780236
13594780295
13594780014
13594780343
13594780170
13594780233
13659630007
13594780379
13659630002
13594780381
13594780482
13594780271
13594780286
13594780411
13594780476
13594780178
13594780347
13659630001
13594780283
13594780380
13594780363
13594780398
13594780515
13594780499
13594780189
13594780285
13594780423
13594780171
13594780358
13594780247
13594780477
13594780519
13594780387
13594780431
13594780049
13594780202
13594780037
13594780009
13594780167
13594780065
13594780511
13594780201
13594780138
13659630008
13594780093
13594780436
13594780239
13594780244
13594780249
13594780413
13594780483
13594780174
13594780318
13594780208
13594780389
13594780465
13594780076
13594780435
13594780355
13594780273
13594780255
13594780135
13594780139
13594780366
13594780399
13594780072
13594780517
13594780038
13594780417
13594780445
13594780446
13594780430
13594780028
13594780458
13594780011
13594780215
13594780224
13594780428
13594780226
13594780427
13594780287
13594780087
13594780107
13594780457
13659630009
13594780140
13594780173
13594780368
13594780092
13594780404
13594780307
13594780473
13594780328
13594780334
13594780281
13594780513
13594780487
13594780190
13594780186
13594780396
13594780459
13594780217
13594780472
13594780320
13594780493
13594780158
13594780432
13594780021
13594780000
13594780300
13594780134
13594780248
13594780175
13594780080
13594780425
13594780003
13659630031
13594780073
13594780207
13594780316
13594780311
13594780026
13594780518
13594780449
13594780213
13594780405
13594780462
13594780246
13594780268
13594780264
13594780266
13594780128
13594780512
13594780102
13594780032
13594780006
13594780437
13594780103
13594780089
